77,37
77,36
73,32
73,31
73,30
73,29
73,28
77,35
75,3
75,2
75,1
75,0
74,3
74,2
74,1
74,0
73,27
73,26
73,25
73,24
73,23
73,22
73,21
73,20
73,19
73,18
73,17
73,16
73,15
73,14
73,13
73,12
73,11
73,10
73,9
73,8
73,7
73,6
73,5
73,4
73,3
73,2
73,1
73,0
72,5
72,4
72,3
72,2
72,1
72,0
71,3
71,2
71,1
71,0
70,5
70,4
70,3
70,2
70,1
70,0
69,8
69,7
69,6
3,2
69,5
69,4
3,1
69,3
3,3
69,2
69,1
69,0
68,3
68,2
68,1
68,0
67,7
67,6
67,5
67,4
67,3
10,2
10,1
67,2
67,1
10,3
67,0
66,4
11,2
66,3
66,2
11,1
66,1
11,3
66,0
65,4
65,3
9,2
65,2
9,1
65,1
9,3
65,0
64,26
64,25
64,24
64,23
64,22
64,21
64,20
64,19
64,18
64,17
64,16
8,2
64,15
64,14
8,1
64,13
8,3
64,12
12,2
64,11
12,1
64,10
64,9
12,3
64,8
64,7
64,6
64,5
64,4
64,3
64,2
64,1
64,0
63,3
63,2
63,1
63,0
62,27
62,26
62,25
62,24
62,23
62,22
62,21
62,20
62,19
62,18
62,17
